brand_id
11
15
18
19
20
22
23
26
27
29
33
38
39
43
45
53
57
58
62
72
83
90
91
103
104
111
116
119
120
121
123
125
128
129
130
133
134
136
138
139
140
141
142
143
146
149
155
157
162
163
164
168
170
174
175
178
179
180
189
190
191
192
193
194
201
202
207
214
215
216
217
221
223
224
230
239
241
245
251
253
255
259
262
264
270
273
278
279
281
282
284
289
290
299
300
308
318
322
323
325
335
336
341
345
347
349
350
360
361
362
365
366
374
377
380
387
391
395
396
397
398
399
408
410
414
420
422
424
431
432
433
436
437
444
446
447
451
454
455
457
466
468
469
470
471
475
476
480
484
488
489
497
500
504
506
509
510
516
519
524
526
527
528
530
531
533
535
539
542
547
554
559
561
563
567
569
570
572
573
574
577
580
585
587
588
594
596
599
610
611
614
616
617
618
619
622
624
626
627
628
629
631
634
637
638
642
643
644
646
647
651
658
661
663
664
667
669
671
672
676
678
679
681
682
684
686
688
690
694
696
700
704
707
712
720
733
735
739
740
742
743
747
749
750
752
757
760
763
765
768
771
772
773
776
778
785
786
787
789
791
796
799
801
805
812
814
818
819
821
825
833
834
835
837
840
845
849
857
869
871
876
878
882
883
885
888
900
903
904
905
908
911
915
917
919
924
927
930
931
932
934
936
937
938
939
941
943
948
949
953
954
962
963
967
969
970
973
979
984
989
993
997
1000
1002
1003
1004
1006
1008
1010
1014
1015
1017
1020
1026
1031
1034
1037
1038
1040
1041
1042
1045
1047
1051
1055
1056
1064
1065
1070
1073
1076
1079
1080
1082
1084
1086
1093
1097
1106
1107
1109
1115
1119
1121
1122
1123
1126
1127
1129
1130
1131
1133
1135
1137
1138
1140
1147
1148
1151
1155
1159
1167
1170
1173
1179
1182
1188
1191
1192
1193
1195
1196
1197
1200
1205
1206
1210
1211
1213
1217
1218
1222
1224
1227
1228
1229
1230
1233
1237
1241
1242
1245
1246
1249
1253
1254
1257
1259
1260
1261
1262
1264
1266
1270
1272
1273
1276
1278
1279
1280
1282
1285
1290
1293
1298
1306
1310
1312
1313
1316
1324
1325
1328
1329
1335
1337
1340
1341
1349
1354
1355
1357
1358
1359
1362
1363
1366
1370
1372
1374
1379
1384
1385
1388
1389
1390
1392
1393
1396
1397
1403
1408
1415
1418
1420
1427
1428
1431
1432
1437
1438
1439
1440
1442
1446
1453
1461
1463
1467
1472
1479
1481
1487
1492
1493
1494
1497
1498
1499
1501
1505
1506
1507
1512
1513
1525
1526
1530
1533
1535
1538
1539
1544
1545
1546
1547
1548
1551
1552
1554
1557
1559
1563
1565
1566
1570
1571
1576
1577
1578
1579
1582
1583
1586
1591
1593
1597
1598
1600
1608
1610
1613
1630
1642
1644
1648
1649
1654
1655
1663
1666
1670
1672
1675
1680
1681
1685
1688
1689
1691
1692
1694
1696
1698
1700
1703
1704
1706
1707
1708
1712
1713
1717
1719
1721
1729
1731
1737
1739
1742
1743
1747
1752
1755
1756
1758
1771
1772
1773
1774
1776
1778
1783
1788
1791
1797
1801
1803
1807
1812
1816
1817
1818
1819
1822
1827
1828
1829
1831
1832
1838
1844
1849
1850
1852
1867
1869
1872
1875
1878
1879
1880
1884
1885
1889
1902
1903
1905
1908
1909
1912
1913
1916
1917
1918
1920
1922
1925
1926
1932
1935
1936
1938
1939
1941
1950
1962
1966
1969
1972
1975
1979
1983
1989
1993
1994
1995
1996
1999
2000
2008
2011
2015
2016
2022
2024
2027
2030
2033
2042
2043
2048
2053
2056
2059
2060
2064
2067
2068
2069
2071
2072
2073
2074
2084
2086
2087
2090
2092
2099
2101
2103
2104
2115
2119
2121
2122
2123
2125
2128
2142
2156
2159
2160
2163
2167
2169
2170
2173
2176
2179
2181
2197
2198
2199
2203
2206
2208
2209
2212
2217
2220
2226
2227
2233
2234
2236
2237
2239
2240
2249
2251
2252
2254
2257
2258
2260
2262
2263
2266
2267
2270
2273
2274
2278
2285
2286
2291
2296
2303
2306
2308
2318
2319
2320
2322
2323
2326
2329
2333
2335
2345
2347
2348
2349
2350
2351
2352
2353
2356
2358
2359
2362
2367
2368
2371
2372
2373
2374
2375
2379
2382
2384
2386
2388
2394
2410
2412
2413
2416
2417
2421
2426
2429
2432
2433
2436
2437
2438
2440
2442
2445
2452
2455
2456
2457
2463
2464
2469
2470
2471
2476
2478
2482
2484
2491
2495
2498
2501
2504
2513
2515
2516
2518
2519
2520
2524
2526
2534
2535
2538
2542
2561
2568
2570
2571
2573
2574
2576
2578
2584
2589
2593
2594
2600
2601
2602
2604
2605
2608
2609
2610
2612
2613
2616
2618
2621
2626
2627
2632
2635
2638
2641
2643
2655
2656
2657
2665
2669
2674
2677
2680
2683
2684
2685
2689
2690
2693
2694
2695
2699
2700
2704
2705
2709
2710
2713
2715
2716
2722
2725
2729
2730
2731
2734
2736
2738
2739
2740
2742
2744
2750
2753
2756
2762
2764
2766
2771
2772
2779
2783
2787
2788
2790
2791
2795
2803
2804
2805
2806
2809
2812
2815
2816
2822
2825
2826
2829
2835
2836
2837
2843
2845
2846
2849
2850
2853
2855
2865
2866
2868
2869
2872
2876
2880
2890
2891
2895
2896
2898
2899
2903
2908
2909
2914
2916
2919
2927
2929
2934
2935
2936
2939
2942
2944
2945
2951
2954
2960
2963
2964
2966
2967
2968
2971
2976
2982
2985
2990
2992
2993
2994
2995
2999
3000
3003
3010
3016
3018
3024
3027
3029
3032
3033
3034
3037
3040
3042
3046
3047
3048
3051
3068
3069
3071
3072
3074
3075
3077
3082
3087
3088
3091
3093
3096
3101
3102
3105
3106
3117
3123
3126
3135
3145
3148
3149
3150
3151
3159
3162
3164
3168
3171
3174
3176
3178
3181
3183
3184
3185
3190
3192
3196
3197
3203
3206
3209
3210
3211
3214
3219
3223
3225
3227
3228
3229
3232
3234
3237
3239
3241
3249
3252
3254
3255
3259
3272
3273
3275
3277
3283
3284
3285
3288
3295
3300
3302
3303
3304
3306
3307
3308
3309
3313
3314
3315
3324
3326
3327
3328
3329
3334
3345
3346
3350
3361
3362
3364
3369
3370
3371
3375
3377
3380
3382
3384
3390
3392
3393
3396
3398
3403
3404
3405
3406
3408
3409
3416
3417
3419
3423
3428
3433
3438
3441
3444
3445
3447
3449
3457
3458
3460
3462
3463
3469
3474
3476
3477
3482
3488
3492
3495
3497
3503
3507
3510
3513
3514
3515
3516
3522
3524
3526
3528
3532
3533
3534
3536
3542
3543
3544
3550
3552
3553
3555
3559
3564
3565
3567
3568
3575
3580
3583
3584
3586
3587
3590
3592
3593
3602
3605
3606
3607
3613
3619
3621
3625
3626
3627
3629
3631
3633
3639
3640
3644
3647
3649
3650
3651
3654
3655
3658
3665
3671
3672
3674
3676
3677
3678
3684
3686
3697
3698
3699
3702
3710
3714
3717
3719
3720
3723
3734
3740
3745
3746
3752
3753
3755
3759
3760
3761
3766
3771
3774
3775
3776
3781
3787
3799
3800
3802
3803
3804
3805
3809
3810
3813
3815
3817
3821
3822
3826
3827
3828
3834
3839
3844
3847
3850
3852
3854
3857
3861
3863
3866
3869
3874
3883
3886
3887
3888
3889
3890
3892
3894
3898
3901
3904
3913
3914
3920
3924
3926
3928
3931
3933
3935
3936
3937
3938
3941
3946
3954
3958
3967
3972
3974
3976
3977
3979
3980
3983
3991
3995
3996
3999
4003
4010
4012
4014
4019
4021
4022
4036
4037
4038
4039
4040
4046
4047
4048
4050
4051
4052
4053
4058
4059
4060
4065
4067
4076
4078
4080
4081
4088
4089
4090
4100
4102
4103
4109
4111
4124
4125
4127
4128
4129
4131
4133
4137
4143
4147
4154
4156
4157
4161
4162
4163
4169
4171
4172
4177
4186
4193
4195
4201
4204
4208
4209
4212
4214
4216
4217
4220
4221
4226
4227
4230
4235
4238
4239
4240
4247
4250
4254
4258
4259
4260
4262
4268
4270
4276
4279
4281
4283
4285
4286
4287
4290
4293
4294
4298
4300
4302
4304
4306
4307
4313
4314
4315
4316
4317
4320
4324
4326
4327
4329
4331
4332
4335
4336
4338
4339
4340
4345
4351
4354
4355
4361
4366
4370
4371
4374
4376
4378
4381
4387
4389
4391
4395
4396
4398
4400
4408
4410
4411
4412
4418
4421
4424
4427
4430
4433
4440
4441
4442
4443
4447
4451
4452
4457
4459
4464
4475
4476
4479
4486
4487
4488
4490
4491
4494
4497
4498
4499
4509
4510
4511
4515
4520
4525
4528
4531
4532
4534
4535
4538
4542
4543
4544
4545
4549
4551
4560
4567
4569
4571
4578
4580
4581
4582
4583
4587
4595
4598
4601
4605
4607
4612
4618
4620
4621
4625
4626
4629
4637
4641
4644
4647
4648
4650
4651
4657
4658
4661
4662
4664
4667
4669
4674
4676
4677
4683
4685
4689
4691
4693
4694
4699
4708
4709
4718
4728
4731
4734
4735
4736
4737
4738
4739
4741
4743
4748
4750
4755
4757
4758
4760
4761
4762
4763
4767
4774
4775
4779
4783
4788
4789
4790
4792
4794
4795
4801
4802
4806
4807
4808
4810
4813
4814
4816
4819
4822
4825
4831
4833
4834
4835
4837
4839
4845
4846
4847
4852
4858
4869
4870
4872
4873
4887
4888
4892
4894
4896
4899
4913
4918
4919
4920
4921
4924
4926
4927
4931
4938
4939
4940
4945
4949
4953
4958
4959
4960
4964
4970
4972
4980
4986
4989
4992
4993
4997
5001
5009
5011
5012
5014
5015
5030
5035
5036
5041
5043
5048
5050
5051
5053
5054
5055
5058
5062
5067
5069
5074
5077
5081
5086
5087
5093
5094
5097
5098
5099
5106
5114
5116
5120
5122
5130
5131
5132
5133
5134
5136
5137
5148
5150
5151
5152
5157
5162
5167
5169
5176
5184
5185
5190
5192
5197
5199
5201
5204
5210
5211
5213
5218
5219
5221
5223
5226
5227
5229
5230
5237
5250
5254
5255
5260
5264
5265
5266
5267
5268
5269
5283
5285
5287
5290
5297
5299
5300
5302
5303
5304
5305
5306
5310
5312
5314
5315
5317
5319
5320
5324
5328
5329
5330
5334
5336
5337
5341
5349
5350
5353
5357
5359
5367
5369
5370
5372
5376
5377
5380
5387
5393
5399
5403
5409
5410
5411
5416
5421
5422
5429
5430
5437
5441
5442
5443
5445
5448
5454
5458
5459
5461
5462
5464
5466
5468
5469
5470
5474
5475
5478
5480
5482
5487
5492
5498
5503
5506
5509
5515
5517
5518
5519
5523
5529
5532
5533
5539
5540
5548
5551
5554
5557
5558
5567
5573
5574
5585
5590
5591
5592
5593
5594
5595
5598
5602
5606
5613
5615
5617
5619
5620
5621
5625
5627
5638
5639
5640
5642
5643
5650
5652
5655
5656
5659
5660
5661
5662
5667
5670
5680
5681
5682
5683
5685
5689
5693
5696
5697
5700
5701
5703
5705
5706
5712
5721
5724
5725
5736
5738
5740
5742
5746
5751
5760
5764
5768
5775
5776
5777
5779
5781
5782
5785
5789
5791
5796
5797
5798
5799
5803
5807
5810
5813
5814
5818
5820
5821
5824
5826
5827
5831
5832
5833
5834
5836
5838
5843
5845
5847
5848
5851
5856
5858
5863
5873
5876
5883
5893
5894
5896
5899
5901
5904
5908
5912
5914
5915
5917
5936
5937
5940
5942
5943
5948
5950
5952
5955
5956
5957
5958
5962
5966
5969
5971
5980
5987
5995
5996
5998
6004
6005
6007
6012
6013
6014
6019
6021
6023
6024
6028
6029
6035
6036
6037
6039
6041
6049
6050
6051
6052
6057
6062
6065
6070
6077
6080
6084
6085
6086
6089
6090
6092
6094
6096
6098
6100
6101
6104
6109
6112
6113
6114
6117
6118
6122
6124
6129
6132
6133
6143
6145
6147
6148
6150
6152
6153
6154
6158
6160
6163
6164
6166
6167
6171
6174
6175
6177
6178
6179
6180
6190
6191
6193
6196
6199
6203
6208
6209
6210
6211
6213
6214
6215
6218
6219
6226
6229
6234
6236
6239
6240
6242
6243
6245
6246
6247
6255
6258
6260
6263
6264
6268
6274
6284
6287
6288
6289
6290
6294
6299
6300
6303
6305
6306
6307
6309
6319
6321
6326
6328
6329
6331
6337
6339
6341
6346
6348
6349
6352
6357
6361
6362
6363
6364
6371
6374
6377
6379
6382
6384
6391
6393
6394
6395
6398
6399
6400
6401
6402
6410
6411
6412
6420
6425
6431
6432
6434
6435
6438
6444
6445
6447
6448
6459
6461
6462
6465
6466
6467
6473
6474
6477
6480
6482
6497
6498
6500
6505
6509
6511
6520
6521
6527
6529
6531
6538
6539
6541
6542
6543
6546
6548
6550
6551
6554
6559
6560
6565
6566
6569
6571
6572
6576
6582
6583
6584
6588
6591
6592
6595
6596
6597
6599
6602
6605
6606
6609
6617
6619
6621
6624
6630
6635
6636
6638
6641
6645
6652
6653
6655
6656
6665
6670
6672
6673
6674
6677
6680
6681
6682
6690
6698
6699
6701
6706
6714
6716
6718
6724
6725
6726
6727
6728
6729
6731
6733
6734
6735
6737
6738
6740
6741
6742
6747
6754
6757
6759
6765
6766
6767
6769
6770
6771
6773
6778
6780
6783
6792
6793
6796
6797
6798
6799
6801
6803
6804
6805
6806
6815
6817
6820
6822
6823
6825
6827
6828
6830
6833
6836
6839
6840
6842
6843
6856
6861
6863
6864
6868
6869
6871
6876
6877
6878
6880
6881
6887
6892
6893
6895
6900
6903
6904
6906
6908
6909
6911
6918
6927
6929
6931
6932
6934
6936
6938
6942
6947
6948
6951
6961
6968
6980
6981
6985
6988
6994
7002
7004
7007
7012
7015
7019
7021
7024
7025
7026
7028
7034
7037
7038
7041
7042
7045
7047
7048
7053
7054
7059
7061
7063
7064
7070
7071
7075
7079
7080
7081
7083
7086
7088
7089
7090
7093
7096
7098
7101
7103
7105
7107
7113
7117
7119
7127
7133
7139
7145
7150
7160
7168
7169
7170
7172
7173
7176
7179
7183
7184
7186
7188
7189
7196
7203
7207
7208
7211
7215
7220
7221
7227
7230
7233
7235
7242
7244
7248
7250
7251
7252
7260
7262
7263
7265
7266
7269
7271
7278
7282
7286
7297
7299
7304
7309
7310
7311
7312
7314
7322
7323
7324
7326
7335
7340
7349
7350
7354
7356
7360
7364
7367
7370
7372
7373
7375
7376
7380
7381
7386
7387
7389
7390
7392
7395
7399
7400
7408
7409
7410
7411
7417
7420
7427
7429
7432
7435
7442
7446
7456
7458
7459
7465
7466
7467
7469
7471
7473
7474
7475
7477
7479
7482
7490
7492
7495
7500
7504
7505
7511
7518
7522
7530
7541
7542
7545
7546
7547
7552
7555
7558
7559
7560
7561
7566
7567
7568
7572
7576
7577
7580
7583
7584
7600
7601
7602
7605
7606
7610
7611
7612
7613
7616
7618
7619
7620
7622
7624
7626
7628
7630
7631
7632
7637
7645
7648
7652
7654
7655
7660
7662
7668
7671
7680
7682
7685
7691
7692
7695
7703
7704
7706
7707
7708
7710
7718
7719
7720
7727
7728
7729
7732
7736
7737
7740
7741
7743
7745
7747
7748
7750
7754
7756
7757
7762
7766
7773
7780
7783
7784
7811
7812
7817
7820
7822
7825
7827
7829
7837
7839
7842
7843
7847
7850
7856
7862
7864
7866
7868
7870
7871
7875
7891
7893
7901
7902
7907
7909
7910
7914
7917
7922
7927
7928
7930
7932
7933
7936
7940
7943
7951
7952
7954
7955
7957
7963
7966
7975
7976
7977
7978
7980
7988
7989
7990
7993
7995
7997
8000
8005
8006
8007
8010
8020
8024
8025
8027
8028
8034
8038
8039
8043
8046
8049
8053
8055
8058
8065
8074
8081
8082
8086
8087
8089
8090
8094
8095
8097
8099
8101
8107
8111
8112
8113
8118
8122
8126
8128
8137
8138
8148
8149
8150
8154
8156
8163
8166
8167
8171
8173
8176
8180
8185
8186
8187
8188
8190
8191
8193
8202
8207
8210
8214
8219
8220
8226
8230
8231
8232
8233
8234
8235
8236
8238
8240
8241
8245
8257
8261
8264
8265
8268
8269
8270
8271
8272
8277
8278
8283
8286
8287
8294
8296
8298
8302
8304
8307
8311
8313
8315
8316
8324
8327
8334
8336
8337
8338
8339
8343
8357
8358
8359
8365
8367
8370
8371
8372
8375
8376
8380
8382
8383
8384
8385
8387
8388
8389
8390
8392
8396
8397
8398
8400
8409
8410
8412
8414
8419
8420
8425
8426
8427
8433
8434
8439
8440
8443
8444
8446
8449
8457
8465
8473
8477
8479
8483
8485
8486
8489
8494
8495
8497
8498
8499
8500
8504
8508
8510
8511
8517
8519
8526
8528
8529
8530
8533
8535
8538
8540
8549
8552
8557
8558
8565
8566
8569
8570
8573
8575
8584
8588
8592
8598
8603
8622
8624
8625
8628
8630
8631
8633
8637
8638
8640
8641
8643
8648
8651
8654
8660
8662
8668
8669
8672
8675
8676
8678
8679
8680
8683
8684
8689
8690
8691
8692
8693
8696
8698
8702
8704
8706
8707
8713
8715
8717
8719
8721
8724
8725
8726
8728
8731
8735
8737
8738
8739
8742
8747
8750
8751
8758
8761
8763
8764
8765
8766
8767
8769
8775
8778
8783
8786
8788
8792
8793
8798
8799
8805
8807
8809
8814
8815
8816
8818
8822
8824
8826
8830
8831
8838
8839
8842
8845
8850
8851
8856
8860
8861
8862
8863
8865
8868
8869
8870
8872
8873
8874
8876
8878
8879
8885
8886
8887
8889
8890
8896
8898
8901
8905
8908
8911
8914
8922
8926
8930
8931
8937
8939
8942
8943
8948
8961
8964
8965
8966
8970
8971
8976
8978
8980
8987
8991
8992
8993
8996
8998
8999
9000
9003
9005
9011
9018
9021
9024
9026
9030
9031
9045
9046
9048
9051
9053
9055
9057
9066
9069
9072
9078
9079
9083
9086
9087
9089
9090
9098
9101
9109
9111
9112
9120
9124
9126
9131
9133
9136
9138
9140
9147
9148
9152
9153
9154
9157
9160
9162
9165
9170
9172
9174
9175
9178
9180
9181
9182
9189
9192
9193
9195
9203
9205
9206
9207
9208
9209
9210
9213
9216
9220
9226
9227
9230
9232
9234
9235
9236
9240
9241
9242
9248
9250
9252
9255
9257
9258
9273
9275
9276
9284
9290
9291
9293
9295
9297
9301
9302
9304
9305
9312
9315
9317
9322
9324
9326
9329
9333
9335
9340
9341
9343
9345
9349
9354
9357
9363
9365
9369
9371
9376
9377
9379
9381
9384
9389
9390
9392
9395
9396
9397
9398
9399
9409
9413
9421
9426
9437
9440
9441
9442
9445
9450
9452
9454
9456
9458
9462
9464
9465
9469
9471
9472
9479
9483
9486
9487
9489
9492
9494
9499
9502
9503
9504
9506
9512
9522
9525
9532
9533
9534
9535
9538
9539
9540
9542
9544
9548
9549
9555
9558
9563
9565
9566
9567
9569
9574
9579
9580
9582
9586
9588
9589
9590
9604
9609
9611
9612
9613
9620
9621
9626
9629
9632
9633
9637
9639
9640
9641
9643
9645
9648
9651
9653
9656
9657
9658
9659
9660
9664
9665
9669
9671
9676
9678
9683
9685
9688
9689
9695
9702
9707
9709
9711
9712
9713
9714
9716
9724
9736
9738
9745
9746
9748
9750
9751
9763
9765
9777
9782
9786
9788
9789
9790
9792
9794
9799
9800
9802
9804
9806
9813
9814
9815
9817
9818
9819
9822
9823
9824
9828
9829
9831
9834
9836
9837
9838
9842
9846
9848
9851
9856
9857
9858
9862
9864
9870
9871
9875
9878
9879
9881
9883
9885
9887
9889
9893
9894
9899
9906
9907
9912
9914
9916
9919
9921
9922
9926
9929
9936
9943
9944
9946
9948
9949
9952
9953
9959
9962
9967
9968
9972
9975
9977
9980
9982
9985
9988
9990
9991
9992
9994
10000
10004
10010
10014
10024
10026
10038
10039
10043
10051
10056
10058
10059
10060
10064
10066
10070
10072
10079
10080
10082
10091
10094
10096
10097
10098
10100
10102
10106
10115
10122
10124
10132
10133
10134
10136
10144
10145
10151
10153
10155
10157
10159
10165
10169
10171
10172
10176
10177
10180
10183
10184
10188
10192
10193
10194
10203
10207
10215
10220
10224
10225
10226
10229
10230
10232
10235
10240
10247
10250
10255
10257
10258
10264
10265
10267
10268
10269
10272
10276
10282
10285
10288
10289
10298
10302
10305
10306
10308
10310
10315
10316
10321
10324
10325
10329
10334
10335
10338
10340
10343
10344
10350
10352
10353
10364
10365
10368
10370
10373
10375
10378
10381
10386
10388
10390
10393
10395
10402
10403
10404
10406
10409
10410
10414
10416
10427
10433
10435
10449
10452
10454
10460
10461
10463
10464
10465
10466
10476
10478
10479
10480
10481
10489
10500
10503
10509
10510
10513
10514
10518
10521
10524
10526
10530
10531
10532
10534
10535
10536
10543
10549
10555
10557
10559
10560
10570
10577
10580
10584
10586
10589
10593
10596
10597
10599
10600
10603
10604
10608
10610
10616
10617
10620
10622
10624
10627
10633
10635
10638
10642
10644
10645
10646
10647
10649
10653
10655
10662
10670
10673
10678
10680
10684
10686
10688
10690
10694
10702
10703
10705
10706
10710
10713
10714
10718
10722
10724
10726
10731
10734
10736
10737
10740
10741
10742
10745
10754
10756
10760
10771
10773
10778
10780
10781
10788
10789
10795
10800
10804
10806
10808
10810
10819
10820
10821
10822
10829
10831
10836
10840
10841
10844
10847
10848
10857
10861
10863
10866
10868
10871
10872
10878
10879
10880
10882
10885
10893
10894
10895
10907
10908
10911
10914
10916
10928
10929
10931
10933
10934
10940
10948
10949
10958
10962
10967
10969
10970
10975
10983
10984
10986
10988
10991
10992
10999
11000
11001
11006
11007
11010
11016
11017
11018
11022
11025
11026
11028
11029
11032
11035
11036
11037
11041
11043
11052
11058
11059
11060
11061
11063
11065
11073
11076
11078
11079
11080
11082
11083
11087
11101
11102
11105
11109
11120
11122
11124
11125
11127
11130
11136
11138
11143
11144
11148
11150
11151
11157
11158
11159
11160
11162
11167
11168
11169
11172
11174
11175
11176
11177
11178
11183
11186
11187
11190
11194
11196
11199
11201
11203
11204
11208
11211
11213
11214
11220
11222
11224
11225
11227
11229
11234
11244
11245
11251
11253
11256
11259
11260
11263
11269
11272
11278
11279
11280
11290
11300
11304
11307
11309
11310
11315
11319
11323
11324
11326
11328
11329
11330
11337
11338
11340
11341
11345
11347
11350
11354
11357
11363
11364
11365
11369
11370
11371
11375
11378
11380
11382
11383
11385
11391
11396
11397
11398
11399
11404
11406
11409
11410
11416
11423
11426
11427
11431
11435
11436
11441
11442
11447
11448
11449
11452
11456
11457
11458
11460
11461
11463
11465
11470
11471
11476
11481
11482
11483
11487
11489
11499
11518
11519
11523
11524
11528
11531
11534
11537
11541
11543
11547
11549
11558
11561
11562
11563
11564
11565
11566
11568
11571
11573
11575
11576
11578
11586
11587
11592
11594
11598
11602
11604
11605
11606
11607
11609
11610
11612
11615
11623
11624
11627
11628
11629
11631
11635
11638
11641
11644
11645
11651
11652
11653
11659
11661
11662
11664
11665
11666
11670
11675
11676
11677
11679
11681
11682
11684
11685
11687
11688
11694
11696
11698
11699
11701
11724
11725
11727
11730
11732
11733
11734
11744
11745
11748
11752
11755
11758
11759
11763
11767
11768
11773
11775
11776
11777
11780
11781
11784
11785
11790
11791
11793
11797
11801
11802
11805
11807
11810
11812
11823
11826
11831
11832
11836
11842
11843
11849
11850
11851
11857
11858
11864
11865
11866
11868
11870
11873
11880
11882
11885
11886
11888
11889
11895
11897
11901
11904
11905
11907
11910
11911
11914
11916
11920
11921
11922
11923
11924
11925
11926
11927
11931
11936
11939
11942
11946
11951
11954
11956
11958
11960
11963
11967
11969
11974
11977
11983
11992
11999
12003
12008
12012
12013
12016
12017
12018
12022
12028
12033
12035
12036
12040
12045
12048
12052
12055
12056
12058
12063
12068
12072
12076
12078
12085
12096
12110
12118
12123
12125
12132
12133
12134
12135
12142
12143
12146
12153
12154
12159
12160
12161
12162
12164
12165
12168
12173
12174
12175
12181
12182
12183
12184
12189
12198
12202
12207
12208
12209
12210
12212
12213
12216
12218
12219
12220
12223
12230
12233
12239
12240
12241
12243
12244
12245
12247
12251
12252
12253
12256
12257
12259
12264
12268
12271
12277
12279
12280
12283
12284
12285
12287
12295
12296
12300
12307
12316
12318
12322
12326
12327
12329
12331
12332
12334
12341
12346
12347
12348
12351
12352
12358
12364
12368
12371
12376
12377
12379
12380
12381
12386
12388
12394
12395
12400
12410
12413
12415
12420
12426
12427
12429
12431
12432
12433
12435
12436
12438
12440
12444
12447
12449
12453
12459
12460
12465
12466
12471
12475
12486
12489
12490
12491
12495
12512
12513
12514
12517
12518
12519
12520
12525
12528
12529
12537
12541
12550
12551
12554
12555
12556
12557
12559
12560
12563
12573
12576
12583
12586
12587
12588
12596
12598
12599
12606
12609
12610
12613
12614
12620
12624
12627
12628
12632
12637
12640
12642
12647
12648
12654
12656
12658
12666
12670
12674
12680
12682
12686
12687
12688
12692
12699
12701
12702
12704
12705
12709
12712
12713
12715
12716
12717
12719
12722
12728
12729
12731
12732
12734
12735
12736
12737
12738
12740
12747
12748
12754
12757
12758
12759
12762
12768
12773
12787
12788
12789
12790
12791
12792
12795
12797
12811
12812
12818
12824
12827
12828
12829
12834
12836
12837
12838
12840
12842
12844
12848
12852
12853
12855
12865
12870
12879
12883
12884
12886
12888
12891
12895
12899
12904
12906
12907
12910
12914
12918
12924
12927
12928
12933
12934
12935
12936
12938
12941
12942
12943
12949
12964
12965
12969
12977
12978
12980
12985
12987
12988
12990
12994
12996
13001
13007
13008
13011
13012
13017
13020
13025
13030
13036
13039
13044
13049
13050
13054
13055
13059
13065
13067
13070
13074
13077
13079
13080
13084
13086
13087
13092
13093
13097
13099
13102
13103
13106
13112
13113
13115
13118
13122
13123
13124
13134
13135
13136
13145
13153
13160
13162
13168
13172
13174
13179
13180
13181
13193
13198
13206
13209
13210
13213
13216
13220
13224
13226
13235
13238
13240
13244
13247
13254
13258
13259
13260
13264
13265
13266
13270
13272
13274
13275
13277
13278
13281
13284
13285
13293
13295
13297
13307
13313
13319
13320
13323
13325
13326
13341
13343
13349
13350
13352
13354
13357
13360
13369
13370
13371
13374
13375
13377
13380
13388
13389
13390
13391
13394
13395
13401
13402
13404
13405
13409
13410
13411
13412
13413
13417
13430
13431
13432
13438
13439
13442
13450
13451
13457
13460
13461
13464
13471
13472
13473
13479
13480
13481
13482
13483
13484
13489
13491
13493
13494
13498
13500
13512
13518
13537
13539
13547
13548
13549
13550
13551
13552
13554
13556
13557
13559
13561
13562
13568
13569
13570
13574
13575
13576
13579
13584
13585
13588
13589
13592
13593
13602
13603
13607
13616
13618
13620
13621
13622
13624
13629
13633
13635
13644
13645
13646
13647
13648
13661
13665
13667
13668
13669
13672
13673
13682
13685
13686
13688
13695
13701
13709
13716
13720
13721
13723
13734
13736
13737
13738
13740
13743
13745
13747
13748
13749
13751
13752
13753
13754
13757
13758
13762
13765
13768
13771
13772
13773
13776
13778
13779
13783
13784
13787
13793
13795
13799
13803
13805
13811
13815
13819
13820
13830
13836
13839
13844
13848
13853
13855
13858
13865
13872
13873
13877
13878
13880
13883
13884
13888
13891
13894
13895
13896
13900
13903
13906
13909
13911
13917
13929
13942
13943
13950
13953
13954
13955
13956
13957
13961
13962
13964
13965
13971
13975
13976
13978
13984
13986
13987
13995
13997
13998
14001
14011
14014
14015
14019
14020
14022
14024
14025
14030
14032
14038
14039
14044
14048
14055
14062
14065
14067
14068
14069
14071
14072
14073
14074
14078
14089
14091
14096
14097
14101
14104
14115
14118
14119
14120
14121
14134
14136
14138
14140
14141
14144
14145
14148
14150
14153
14154
14155
14157
14159
14161
14163
14165
14167
14169
14174
14182
14184
14185
14192
14194
14199
14207
14209
14213
14226
14227
14229
14233
14235
14236
14238
14240
14242
14248
14250
14252
14261
14265
14266
14272
14273
14276
14278
14286
14292
14294
14301
14304
14318
14319
14328
14339
14341
14342
14349
14354
14360
14362
14363
14370
14373
14378
14379
14380
14381
14384
14389
14390
14393
14395
14399
14400
14403
14406
14407
14408
14413
14415
14416
14417
14419
14422
14426
14427
14433
14445
14446
14447
14450
14451
14454
14458
14467
14469
14470
14471
14472
14477
14478
14482
14483
14486
14488
14490
14493
14495
14496
14498
14501
14504
14509
14511
14515
14520
14521
14523
14525
14526
14531
14532
14533
14535
14536
14541
14545
14550
14552
14554
14560
14567
14572
14573
14574
14575
14577
14579
14580
14581
14585
14588
14590
14593
14596
14597
14603
14623
14624
14625
14626
14630
14631
14635
14642
14643
14645
14646
14647
14648
14652
14655
14661
14664
14665
14666
14667
14669
14670
14671
14678
14679
14681
14688
14690
14694
14695
14699
14700
14701
14706
14710
14711
14712
14724
14727
14728
14729
14733
14734
14739
14752
14753
14756
14758
14759
14764
14765
14766
14772
14777
14780
14782
14783
14784
14785
14788
14794
14795
14796
14799
14806
14807
14809
14811
14817
14818
14819
14821
14838
14839
14848
14849
14853
14855
14856
14860
14863
14864
14871
14873
14875
14876
14879
14883
14887
14894
14901
14902
14908
14914
14917
14919
14922
14924
14925
14927
14928
14929
14930
14931
14935
14938
14939
14942
14943
14944
14946
14952
14954
14956
14959
14960
14961
14969
14971
14972
14973
14974
14976
14984
14989
14991
14995
14996
14998
15000
15001
15004
15018
15019
15020
15021
15022
15024
15032
15033
15034
15039
15047
15054
15055
15058
15059
15063
15065
15069
15073
15074
15075
15079
15081
15086
15089
15091
15094
15096
15098
15102
15104
15105
15106
15110
15114
15116
15118
15120
15125
15127
15138
15142
15144
15145
15146
15150
15151
15153
15155
15158
15159
15162
15164
15166
15171
15173
15175
15177
15179
15187
15188
15189
15191
15192
15196
15197
15199
15200
15202
15203
15208
15210
15217
15218
15222
15227
15228
15231
15233
15243
15249
15251
15252
15255
15257
15258
15259
15263
15266
15269
15274
15275
15278
15281
15283
15297
15298
15299
15302
15307
15308
15309
15311
15313
15315
15317
15320
15321
15322
15334
15335
15341
15344
15345
15350
15352
15353
15358
15359
15362
15364
15365
15368
15374
15383
15389
15390
15392
15395
15399
15400
15401
15405
15408
15412
15414
15417
15419
15422
15423
15426
15432
15434
15435
15437
15438
15439
15441
15446
15449
15450
15454
15464
15470
15471
15473
15474
15478
15481
15482
15483
15485
15491
15498
15499
15500
15501
15502
15507
15510
15511
15512
15514
15515
15527
15532
15534
15535
15536
15538
15542
15543
15546
15547
15549
15555
15558
15560
15567
15569
15570
15572
15584
15586
15596
15598
15602
15606
15608
15609
15611
15612
15614
15617
15618
15620
15622
15624
15628
15631
15636
15637
15638
15639
15645
15652
15653
15654
15655
15660
15661
15662
15663
15669
15672
15678
15681
15686
15697
15711
15713
15716
15718
15721
15728
15730
15734
15741
15745
15748
15750
15751
15756
15761
15766
15773
15780
15782
15784
15785
15787
15791
15792
15796
15798
15799
15800
15804
15805
15806
15810
15811
15813
15814
15815
15817
15818
15820
15821
15828
15831
15832
15835
15837
15838
15853
15854
15856
15858
15859
15860
15868
15874
15875
15879
15883
15884
15886
15887
15890
15896
15897
15899
15901
15904
15906
15907
15911
15913
15915
15918
15921
15923
15924
15931
15934
15935
15937
15943
15945
15946
15952
15959
15960
15961
15962
15972
15975
15978
15980
15985
15988
15992
15994
15995
16008
16009
16011
16013
16014
16021
16027
16028
16033
16039
16046
16047
16050
16058
16061
16062
16067
16075
16077
16079
16082
16084
16085
16088
16089
16091
16094
16096
16097
16100
16103
16104
16108
16109
16110
16112
16116
16117
16124
16126
16129
16134
16136
16138
16140
16141
16148
16149
16150
16154
16155
16159
16165
16166
16169
16172
16174
16175
16176
16177
16179
16180
16184
16186
16187
16197
16199
16202
16203
16205
16206
16215
16217
16222
16225
16232
16242
16243
16252
16255
16258
16268
16272
16276
16279
16281
16286
16292
16296
16300
16301
16302
16303
16305
16306
16311
16312
16315
16319
16320
16321
16323
16328
16331
16335
16342
16343
16346
16348
16353
16354
16356
16361
16362
16364
16373
16376
16377
16383
16385
16390
16393
16395
16396
16397
16399
16403
16404
16406
16407
16409
16411
16420
16421
16428
16429
16436
16448
16453
16454
16460
16462
16463
16464
16465
16467
16468
16470
16474
16475
16476
16481
16483
16485
16488
16491
16498
16499
16500
16501
16507
16513
16518
16519
16527
16529
16534
16536
16540
16550
16552
16556
16559
16561
16564
16566
16567
16568
16569
16570
16572
16574
16578
16579
16596
16599
16602
16603
16605
16606
16607
16609
16612
16615
16620
16621
16624
16626
16628
16632
16633
16640
16644
16647
16648
16650
16653
16655
16656
16657
16661
16663
16664
16668
16670
16672
16674
16675
16681
16686
16689
16693
16695
16696
16700
16705
16708
16716
16721
16722
16723
16735
16738
16745
16748
16754
16757
16762
16766
16768
16772
16775
16782
16783
16786
16787
16788
16794
16795
16796
16797
16800
16802
16807
16808
16814
16818
16821
16823
16825
16829
16836
16845
16846
16849
16852
16853
16854
16856
16857
16865
16871
16872
16873
16881
16883
16884
16887
16889
16898
16903
16906
16908
16913
16914
16918
16920
16925
16926
16929
16936
16939
16941
16944
16945
16952
16956
16961
16965
16972
16974
16975
16979
16983
16986
16988
16997
17002
17005
17006
17009
17011
17013
17016
17020
17024
17028
17031
17032
17034
17037
17038
17040
17046
17048
17055
17058
17059
17060
17061
17062
17072
17073
17078
17080
17081
17084
17087
17088
17090
17094
17096
17106
17107
17109
17111
17114
17117
17118
17119
17120
17121
17123
17126
17127
17130
17132
17133
17135
17136
17141
17145
17147
17150
17151
17153
17158
17160
17163
17167
17169
17177
17180
17181
17190
17191
17195
17197
17199
17205
17206
17212
17214
17216
17218
17221
17223
17227
17228
17231
17232
17237
17242
17244
17245
17247
17249
17254
17260
17261
17262
17263
17265
17271
17273
17275
17276
17277
17280
17287
17288
17289
17290
17297
17300
17309
17317
17319
17320
17325
17327
17328
17330
17331
17333
17334
17335
17337
17342
17343
17346
17348
17352
17354
17356
17357
17359
17362
17367
17371
17372
17376
17388
17389
17390
17391
17392
17393
17394
17396
17400
17401
17402
17405
17407
17410
17417
17418
17421
17422
17423
17424
17429
17431
17434
17436
17437
17438
17439
17445
17446
17449
17450
17451
17452
17453
17455
17456
17457
17458
17459
17461
17470
17474
17475
17476
17478
17483
17485
17488
17491
17503
17506
17508
17509
17510
17512
17514
17517
17520
17531
17532
17533
17535
17538
17539
17540
17541
17547
17548
17549
17550
17555
17556
17559
17560
17561
17571
17572
17574
17577
17581
17582
17584
17587
17588
17590
17592
17597
17599
17603
17606
17609
17617
17619
17620
17626
17629
17633
17635
17636
17639
17640
17641
17642
17643
17645
17647
17649
17653
17654
17655
17657
17659
17660
17661
17662
17664
17671
17676
17680
17682
17690
17691
17692
17699
17701
17702
17703
17706
17708
17710
17712
17717
17718
17722
17723
17725
17728
17732
17737
17739
17741
17746
17747
17748
17752
17756
17758
17759
17760
17766
17767
17770
17771
17772
17773
17775
17778
17779
17781
17783
17794
17796
17802
17809
17812
17814
17820
17822
17823
17824
17826
17829
17835
17836
17844
17846
17851
17853
17855
17863
17868
17880
17882
17883
17887
17891
17896
17897
17905
17906
17912
17914
17919
17920
17921
17922
17923
17924
17926
17929
17932
17937
17940
17945
17946
17947
17951
17954
17958
17959
17960
17966
17968
17969
17972
17973
17977
17978
17986
17991
17995
17999
18001
18002
18003
18004
18013
18018
18024
18025
18026
18027
18032
18034
18038
18039
18041
18046
18047
18051
18063
18064
18066
18072
18075
18078
18080
18082
18084
18086
18089
18095
18097
18102
18105
18112
18114
18122
18124
18125
18126
18131
18139
18141
18145
18146
18149
18153
18157
18160
18163
18167
18168
18172
18173
18176
18180
18183
18185
18186
18196
18197
18200
18202
18204
18213
18215
18217
18227
18231
18233
18235
18237
18238
18239
18245
18251
18253
18258
18261
18265
18267
18269
18271
18273
18275
18281
18282
18284
18286
18289
18290
18292
18293
18296
18306
18312
18316
18324
18325
18328
18333
18343
18346
18349
18351
18352
18353
18361
18362
18365
18367
18368
18369
18370
18371
18379
18381
18388
18392
18397
18403
18412
18418
18421
18423
18424
18425
18433
18434
18436
18443
18448
18455
18456
18457
18459
18465
18466
18469
18472
18474
18478
18483
18485
18489
18491
18495
18496
18497
18501
18507
18508
18511
18515
18516
18517
18519
18522
18523
18529
18535
18540
18541
18542
18544
18555
18558
18560
18561
18562
18563
18564
18571
18572
18575
18576
18577
18583
18587
18589
18592
18597
18599
18600
18606
18607
18611
18612
18624
18626
18627
18628
18630
18632
18635
18639
18641
18643
18646
18647
18648
18649
18653
18654
18658
18665
18668
18672
18674
18678
18683
18687
18689
18690
18692
18695
18697
18698
18699
18706
18712
18721
18725
18727
18730
18731
18733
18736
18739
18741
18743
18744
18747
18748
18758
18759
18765
18771
18772
18773
18774
18776
18782
18785
18789
18791
18795
18801
18804
18805
18806
18808
18816
18822
18823
18824
18826
18829
18832
18833
18834
18835
18836
18839
18841
18843
18844
18849
18855
18856
18859
18863
18864
18868
18869
18870
18872
18874
18875
18879
18880
18881
18882
18886
18891
18895
18901
18905
18912
18917
18923
18924
18925
18926
18931
18932
18933
18936
18937
18938
18942
18943
18946
18947
18950
18957
18958
18960
18962
18963
18964
18966
18967
18969
18971
18973
18977
18979
18980
18982
18990
18994
18996
19004
19005
19007
19013
19014
19015
19021
19022
19023
19024
19026
19027
19028
19029
19033
19036
19037
19038
19043
19046
19047
19048
19049
19051
19052
19058
19061
19077
19093
19095
19096
19101
19102
19105
19107
19111
19113
19117
19120
19121
19126
19127
19128
19131
19133
19134
19135
19138
19141
19142
19144
19149
19153
19154
19155
19157
19158
19160
19164
19165
19166
19167
19169
19171
19175
19177
19179
19182
19193
19196
19197
19198
19199
19203
19207
19208
19216
19217
19221
19236
19238
19245
19247
19250
19252
19255
19258
19260
19261
19262
19267
19275
19277
19279
19284
19288
19291
19294
19305
19309
19312
19313
19314
19315
19320
19325
19328
19330
19335
19337
19339
19340
19341
19344
19346
19358
19360
19361
19365
19367
19370
19374
19375
19379
19381
19383
19389
19394
19396
19402
19405
19408
19413
19414
19416
19417
19421
19422
19423
19430
19431
19435
19439
19440
19453
19455
19457
19458
19459
19466
19468
19475
19477
19487
19489
19491
19496
19497
19500
19501
19509
19514
19521
19523
19525
19526
19530
19534
19535
19536
19539
19540
19544
19552
19554
19556
19557
19562
19564
19570
19573
19574
19577
19578
19580
19582
19589
19590
19596
19601
19610
19612
19615
19616
19618
19625
19627
19629
19631
19632
19636
19637
19638
19639
19643
19650
19651
19660
19661
19667
19668
19671
19673
19677
19680
19681
19686
19688
19690
19692
19699
19702
19704
19707
19722
19725
19726
19728
19732
19733
19736
19738
19742
19745
19746
19751
19757
19759
19767
19772
19796
19799
19813
19814
19817
19824
19828
19829
19834
19835
19837
19854
19855
19856
19859
19862
19864
19867
19874
19875
19876
19881
19882
19885
19887
19890
19891
19893
19894
19897
19902
19903
19905
19908
19913
19918
19920
19922
19924
19927
19928
19937
19938
19941
19949
19951
19955
19962
19964
19970
19973
19974
19980
19987
19988
19989
19991
19993
19999
20006
20007
20015
20021
20029
20035
20037
20039
20043
20045
20047
20048
20051
20054
20055
20063
20068
20071
20073
20074
20078
20079
20083
20089
20090
20094
20096
20097
20099
20101
20102
20103
20104
20117
20120
20121
20127
20128
20132
20143
20145
20146
20147
20149
20152
20153
20154
20155
20156
20158
20160
20162
20163
20164
20166
20169
20170
20180
20182
20184
20186
20187
20188
20190
20196
20201
20206
20207
20208
20212
20214
20221
20222
20228
20230
20234
20243
20246
20253
20255
20256
20257
20265
20270
20279
20284
20291
20292
20297
20300
20309
20311
20313
20316
20317
20321
20324
20327
20330
20333
20334
20338
20340
20342
20343
20345
20349
20358
20359
20361
20366
20367
20369
20373
20376
20382
20386
20388
20389
20393
20395
20398
20402
20407
20408
20411
20412
20417
20419
20425
20433
20438
20444
20449
20450
20454
20455
20456
20457
20462
20464
20466
20470
20471
20472
20473
20474
20476
20477
20480
20483
20484
20486
20489
20490
20498
20505
20506
20507
20509
20516
20519
20521
20527
20529
20531
20535
20536
20541
20542
20548
20549
20551
20555
20559
20562
20565
20568
20572
20575
20578
20579
20584
20585
20589
20591
20594
20595
20597
20603
20605
20607
20608
20611
20615
20617
20618
20620
20621
20622
20625
20626
20630
20631
20632
20636
20639
20641
20642
20643
20645
20648
20655
20658
20661
20668
20670
20674
20676
20679
20681
20683
20685
20694
20695
20696
20698
20699
20701
20706
20708
20715
20716
20717
20718
20720
20721
20724
20725
20727
20728
20736
20739
20747
20750
20751
20756
20757
20761
20764
20768
20775
20779
20780
20785
20796
20798
20800
20803
20816
20822
20823
20825
20826
20827
20829
20831
20835
20846
20850
20854
20856
20857
20858
20859
20862
20863
20872
20874
20875
20876
20877
20884
20893
20894
20896
20897
20902
20903
20909
20914
20916
20918
20923
20927
20931
20932
20937
20943
20946
20950
20951
20952
20955
20956
20958
20960
20966
20979
20984
20986
20989
20991
20995
20996
20999
21005
21015
21022
21026
21030
21043
21050
21054
21056
21061
21065
21067
21071
21078
21079
21085
21086
21091
21092
21094
21095
21098
21110
21112
21113
21116
21117
21120
21121
21135
21139
21140
21141
21142
21144
21145
21146
21148
21152
21160
21165
21180
21186
21190
21191
21195
21196
21197
21201
21204
21206
21209
21212
21216
21217
21219
21221
21225
21230
21233
21237
21238
21243
21245
21246
21263
21272
21273
21275
21283
21288
21291
21292
21293
21294
21297
21303
21308
21312
21313
21315
21316
21319
21321
21323
21326
21329
21332
21334
21336
21337
21338
21342
21344
21345
21351
21357
21360
21363
21368
21372
21376
21377
21381
21389
21390
21392
21393
21394
21398
21400
21402
21404
21406
21412
21423
21426
21427
21431
21442
21444
21445
21454
21458
21459
21460
21461
21462
21467
21468
21471
21481
21482
21485
21490
21493
21495
21496
21500
21501
21503
21506
21511
21515
21516
21519
21520
21522
21525
21527
21533
21539
21548
21551
21552
21554
21560
21561
21562
21563
21565
21567
21573
21578
21581
21591
21593
21601
21604
21610
21611
21620
21623
21628
21632
21636
21646
21655
21657
21659
21665
21668
21672
21681
21683
21684
21685
21686
21690
21692
21693
21695
21697
21702
21706
21709
21715
21717
21721
21723
21727
21728
21729
21730
21732
21738
21739
21741
21747
21758
21759
21767
21768
21770
21771
21783
21785
21787
21788
21789
21793
21796
21804
21813
21815
21819
21823
21832
21833
21835
21838
21840
21841
21844
21846
21847
21849
21852
21862
21865
21867
21869
21877
21878
21881
21883
21885
21887
21889
21895
21899
21904
21909
21911
21912
21914
21916
21919
21925
21927
21929
21930
21931
21934
21935
21936
21938
21941
21945
21946
21950
21952
21954
21955
21962
21965
21967
21971
21973
21974
21975
21977
21979
21981
21982
21983
21985
21987
21990
21991
21994
21995
21996
22004
22010
22012
22016
22017
22018
22023
22024
22027
22029
22030
22032
22034
22039
22040
22043
22044
22048
22052
22055
22058
22060
22072
22076
22077
22080
22083
22084
22086
22087
22088
22089
22092
22093
22094
22095
22099
22103
22106
22108
22110
22113
22126
22129
22131
22136
22139
22142
22146
22147
22148
22156
22157
22158
22160
22162
22164
22168
22179
22180
22184
22189
22192
22194
22204
22205
22208
22211
22218
22220
22232
22234
22235
22236
22239
22240
22244
22246
22247
22252
22253
22254
22258
22260
22261
22266
22268
22269
22274
22276
22278
22279
22280
22287
22288
22305
22306
22307
22309
22313
22314
22316
22317
22319
22320
22321
22322
22323
22327
22328
22329
22330
22333
22337
22339
22342
22343
22346
22349
22351
22353
22355
22356
22358
22359
22365
22366
22367
22368
22369
22371
22377
22378
22380
22382
22384
22388
22390
22393
22400
22405
22406
22416
22420
22421
22425
22434
22435
22439
22442
22443
22444
22446
22447
22456
22459
22463
22467
22469
22471
22473
22482
22484
22488
22489
22490
22499
22504
22505
22506
22508
22511
22520
22522
22523
22524
22529
22530
22533
22534
22536
22538
22546
22547
22549
22552
22555
22556
22560
22567
22576
22577
22580
22583
22587
22593
22594
22603
22604
22605
22607
22609
22613
22619
22621
22625
22629
22630
22633
22636
22638
22643
22647
22648
22649
22651
22654
22658
22659
22664
22667
22668
22672
22679
22680
22686
22688
22691
22692
22706
22709
22711
22715
22720
22722
22723
22727
22731
22732
22734
22735
22736
22739
22749
22751
22753
22754
22756
22757
22759
22769
22771
22781
22782
22784
22785
22789
22795
22797
22800
22804
22817
22820
22823
22827
22828
22831
22833
22836
22837
22840
22843
22846
22852
22853
22857
22864
22875
22877
22878
22879
22880
22884
22887
22889
22893
22894
22898
22900
22901
22905
22906
22908
22911
22914
22915
22916
22925
22928
22934
22943
22944
22946
22947
22950
22951
22953
22954
22958
22961
22963
22964
22970
22971
22973
22977
22983
22989
22991
22993
22994
22995
22999
23002
23004
23007
23013
23015
23017
23019
23021
23024
23025
23026
23030
23031
23032
23033
23042
23045
23048
23049
23056
23057
23059
23066
23070
23071
23074
23075
23076
23083
23085
23086
23088
23094
23096
23097
23101
23102
23103
23107
23108
23115
23116
23119
23120
23122
23125
23130
23134
23136
23137
23143
23145
23153
23154
23157
23160
23161
23164
23166
23169
23171
23173
23176
23178
23187
23188
23189
23191
23192
23197
23198
23201
23202
23203
23204
23206
23207
23209
23214
23215
23220
23222
23223
23228
23229
23232
23233
23235
23236
23237
23241
23242
23245
23246
23251
23253
23259
23260
23262
23267
23269
23272
23273
23274
23278
23282
23283
23284
23285
23287
23288
23291
23294
23295
23304
23308
23311
23315
23319
23321
23323
23327
23329
23330
23331
23333
23338
23340
23342
23345
23351
23357
23364
23370
23380
23381
23382
23383
23389
23393
23399
23400
23403
23407
23409
23410
23412
23416
23418
23419
23420
23421
23423
23424
23426
23432
23433
23439
23448
23455
23457
23465
23470
23473
23475
23476
23478
23479
23480
23482
23487
23491
23492
23496
23499
23503
23506
23507
23508
23512
23513
23515
23516
23520
23525
23526
23529
23530
23531
23532
23538
23541
23548
23549
23552
23554
23556
23559
23561
23563
23564
23568
23570
23571
23573
23582
23584
23587
23589
23590
23595
23601
23603
23604
23606
23612
23614
23618
23620
23621
23622
23623
23628
23632
23637
23638
23640
23643
23649
23652
23656
23661
23662
23665
23669
23671
23672
23675
23676
23680
23683
23684
23685
23686
23697
23698
23702
23703
23706
23713
23724
23731
23735
23736
23738
23739
23740
23742
23748
23750
23768
23770
23774
23776
23777
23779
23781
23782
23783
23790
23791
23792
23793
23794
23797
23798
23802
23804
23805
23814
23816
23817
23822
23826
23829
23831
23841
23842
23845
23847
23848
23849
23851
23852
23853
23857
23861
23863
23868
23872
23873
23878
23880
23881
23884
23890
23891
23895
23896
23898
23900
23904
23905
23907
23914
23926
23928
23932
23934
23936
23939
23943
23947
23950
23951
23952
23953
23961
23967
23969
23971
23978
23982
23984
23990
23994
23997
23999
24001
24002
24004
24009
24010
24012
24013
24015
24016
24018
24020
24022
24023
24024
24025
24026
24027
24028
24032
24034
24035
24036
24039
24041
24048
24051
24052
24053
24054
24059
24060
24061
24063
24064
24066
24070
24072
24073
24075
24081
24083
24084
24087
24088
24093
24098
24107
24111
24114
24122
24128
24139
24149
24151
24155
24157
24158
24163
24167
24168
24170
24172
24177
24178
24180
24184
24193
24194
24195
24196
24201
24202
24203
24221
24223
24225
24230
24232
24236
24242
24244
24245
24246
24252
24256
24258
24259
24260
24262
24265
24272
24274
24275
24277
24281
24284
24292
24296
24297
24299
24306
24307
24311
24314
24321
24323
24325
24332
24334
24340
24341
24344
24346
24348
24349
24351
24352
24357
24358
24359
24375
24377
24378
24379
24383
24385
24392
24393
24394
24395
24402
24404
24405
24409
24411
24412
24413
24415
24417
24419
24423
24425
24426
24427
24428
24429
24430
24432
24434
24435
24436
24437
24438
24440
24446
24447
24449
24452
24455
24457
24459
24460
24461
24468
24470
24471
24474
24477
24480
24486
24487
24496
24497
24498
24503
24506
24507
24510
24514
24515
24517
24519
24522
24528
24532
24534
24537
24538
24541
24542
24547
24549
24551
24553
24554
24558
24560
24562
24565
24567
24570
24571
24572
24574
24575
24576
24581
24584
24586
24590
24591
24593
24598
24601
24602
24603
24606
24608
24611
24614
24616
24625
24627
24628
24638
24640
24645
24658
24663
24669
24670
24671
24674
24676
24683
24684
24685
24687
24689
24690
24691
24693
24704
24706
24710
24711
24715
24720
24724
24725
24726
24730
24732
24736
24737
24742
24746
24747
24751
24763
24764
24765
24771
24773
24779
24780
24784
24788
24792
24793
24800
24801
24803
24805
24806
24811
24815
24816
24819
24825
24830
24831
24835
24836
24841
24844
24847
24848
24849
24851
24855
24856
24858
24862
24863
24865
24869
24870
24871
24872
24878
24880
24883
24886
24887
24890
24892
24893
24895
24898
24904
24906
24907
24911
24917
24921
24922
24923
24924
24929
24932
24933
24942
24944
24945
24946
24947
24953
24954
24955
24960
24963
24964
24966
24969
24970
24971
24973
24975
24977
24978
24979
24984
24986
24989
24990
25003
25005
25009
25012
25015
25017
25018
25020
25022
25024
25027
25029
25030
25033
25040
25052
25053
25058
25060
25066
25071
25072
25079
25086
25090
25092
25095
25096
25098
25099
25101
25103
25104
25109
25117
25122
25124
25135
25138
25142
25146
25151
25156
25165
25167
25169
25172
25177
25179
25185
25192
25193
25200
25206
25207
25209
25211
25212
25213
25214
25215
25218
25219
25220
25221
25222
25224
25227
25232
25240
25244
25245
25246
25248
25249
25250
25252
25253
25256
25258
25260
25261
25263
25264
25266
25267
25270
25271
25272
25280
25289
25292
25295
25297
25299
25302
25305
25307
25308
25309
25311
25312
25315
25318
25321
25323
25324
25327
25329
25330
25331
25332
25333
25335
25336
25338
25339
25340
25341
25345
25346
25347
25349
25352
25353
25356
25360
25364
25365
25366
25372
25373
25380
25381
25382
25386
25389
25390
25394
25399
25402
25403
25407
25409
25412
25415
25418
25420
25423
25424
25425
25427
25432
25433
25434
25439
25447
25464
25465
25473
25474
25477
25481
25483
25485
25488
25489
25493
25494
25500
25505
25510
25511
25517
25522
25523
25525
25526
25528
25531
25535
25540
25544
25545
25547
25551
25555
25556
25558
25559
25561
25565
25570
25579
25586
25591
25594
25595
25596
25599
25602
25605
25618
25619
25620
25621
25622
25630
25631
25634
25635
25637
25638
25640
25641
25642
25643
25648
25650
25651
25653
25656
25664
25666
25669
25670
25676
25677
25678
25679
25682
25683
25687
25694
25698
25700
25707
25714
25715
25717
25720
25723
25727
25729
25733
25735
25740
25742
25743
25747
25749
25750
25752
25753
25755
25758
25759
25770
25774
25776
25781
25782
25789
25791
25792
25793
25794
25804
25820
25822
25824
25830
25837
25839
25840
25842
25853
25854
25855
25856
25857
25863
25864
25866
25871
25875
25879
25881
25883
25884
25887
25888
25894
25897
25905
25908
25909
25910
25911
25914
25917
25920
25925
25927
25932
25933
25935
25941
25948
25951
25960
25969
25970
25971
25976
25982
25984
25989
25990
25991
25994
25997
26000
26005
26006
26007
26011
26017
26018
26025
26027
26028
26031
26034
26040
26042
26047
26050
26052
26054
26056
26058
26059
26067
26077
26078
26083
26087
26090
26094
26100
26106
26109
26111
26114
26115
26120
26121
26124
26127
26128
26135
26137
26138
26140
26144
26146
26149
26153
26159
26160
26163
26164
26168
26169
26171
26172
26180
26194
26197
26210
26211
26216
26219
26224
26225
26226
26228
26234
26239
26253
26254
26258
26260
26264
26267
26270
26271
26273
26275
26280
26284
26288
26295
26297
26298
26299
26300
26306
26307
26308
26310
26314
26315
26316
26318
26326
26332
26333
26337
26341
26343
26346
26351
26354
26356
26357
26361
26368
26374
26378
26380
26392
26394
26401
26402
26404
26405
26406
26408
26410
26414
26416
26419
26420
26422
26426
26429
26434
26445
26446
26447
26451
26459
26464
26465
26468
26475
26476
26480
26483
26485
26493
26498
26505
26508
26512
26516
26520
26521
26523
26527
26528
26531
26533
26545
26546
26547
26555
26556
26559
26561
26563
26564
26568
26571
26575
26576
26581
26583
26585
26587
26588
26590
26595
26597
26598
26603
26605
26607
26608
26611
26612
26614
26618
26619
26623
26624
26629
26631
26633
26634
26636
26640
26642
26643
26647
26653
26654
26655
26659
26660
26662
26665
26667
26670
26674
26676
26678
26679
26684
26686
26687
26690
26691
26693
26694
26698
26699
26703
26705
26711
26712
26714
26716
26718
26719
26722
26727
26728
26735
26736
26737
26738
26742
26744
26745
26754
26757
26758
26760
26763
26771
26777
26779
26781
26785
26788
26789
26794
26800
26801
26802
26806
26807
26811
26815
26827
26828
26829
26834
26837
26840
26843
26845
26849
26852
26855
26856
26858
26860
26863
26866
26869
26871
26874
26875
26877
26883
26884
26885
26886
26887
26890
26894
26900
26904
26913
26917
26919
26920
26921
26922
26931
26938
26954
26956
26958
26959
26962
26963
26964
26968
26969
26971
26972
26973
26974
26982
26984
26987
26988
26989
26991
26994
27004
27014
27016
27019
27020
27023
27028
27033
27035
27040
27041
27044
27046
27050
27052
27055
27056
27060
27063
27068
27070
27086
27092
27093
27096
27101
27111
27112
27117
27118
27119
27120
27123
27125
27128
27131
27133
27135
27136
27137
27139
27144
27148
27149
27151
27153
27155
27156
27160
27161
27165
27168
27170
27172
27179
27181
27182
27186
27188
27189
27191
27192
27194
27196
27197
27198
27199
27203
27204
27205
27210
27212
27217
27220
27228
27231
27233
27238
27242
27243
27245
27246
27251
27255
27256
27257
27261
27265
27268
27269
27270
27272
27277
27286
27290
27302
27304
27314
27317
27318
27319
27328
27329
27331
27333
27334
27335
27341
27343
27346
27357
27363
27369
27370
27371
27372
27373
27375
27381
27389
27390
27392
27394
27395
27396
27400
27401
27403
27406
27407
27415
27418
27426
27427
27429
27433
27435
27437
27438
27441
27442
27443
27444
27446
27448
27452
27456
27458
27460
27466
27467
27470
27473
27483
27487
27489
27492
27493
27497
27498
27499
27501
27505
27508
27509
27511
27513
27514
27515
27518
27519
27520
27521
27522
27523
27524
27525
27529
27533
27537
27539
27540
27543
27544
27552
27553
27564
27566
27567
27568
27572
27575
27577
27581
27583
27584
27586
27587
27588
27592
27593
27595
27599
27600
27601
27602
27603
27604
27609
27614
27615
27618
27620
27623
27624
27625
27629
27634
27637
27638
27639
27653
27654
27659
27660
27662
27669
27670
27674
27681
27683
27685
27686
27687
27693
27700
27706
27707
27709
27711
27715
27716
27717
27718
27719
27721
27722
27723
27730
27734
27737
27739
27741
27749
27754
27758
27760
27761
27763
27765
27766
27767
27774
27777
27779
27785
27786
27789
27791
27792
27793
27794
27795
27796
27804
27805
27806
27810
27811
27817
27819
27821
27825
27828
27829
27835
27837
27840
27849
27853
27856
27863
27869
27870
27875
27879
27886
27887
27888
27892
27893
27894
27895
27897
27898
27899
27903
27904
27906
27908
27912
27918
27919
27922
27927
27928
27932
27939
27940
27942
27944
27945
27946
27950
27951
27952
27953
27955
27961
27965
27968
27974
27977
27978
27979
27981
27985
27989
27994
27998
28003
28007
28008
28011
28015
28017
28023
28024
28028
28031
28032
28034
28035
28041
28045
28048
28049
28052
28053
28057
28058
28059
28065
28068
28082
28087
28096
28097
28098
28103
28104
28111
28112
28117
28121
28124
28125
28128
28129
28132
28135
28142
28146
28148
28149
28159
28161
28163
28164
28166
28169
28174
28177
28180
28181
28182
28183
28184
28189
28190
28191
28192
28196
28201
28206
28209
28214
28216
28221
28222
28223
28225
28226
28227
28230
28238
28239
28243
28244
28246
28252
28256
28257
28265
28266
28267
28270
28271
28276
28278
28280
28286
28289
28297
28298
28308
28310
28316
28319
28323
28324
28332
28333
28334
28338
28340
28342
28347
28348
28350
28355
28357
28360
28362
28368
28369
28370
28376
28378
28381
28382
28386
28387
28391
28393
28399
28401
28404
28409
28410
28411
28412
28414
28418
28419
28422
28423
28425
28428
28433
28435
28437
28438
28441
28443
28444
28446
28452
28453
28458
28461
28463
28465
28466
28467
28468
28469
28470
28475
28481
28483
28484
28486
28490
28494
28504
28508
28517
28519
28520
28524
28525
28527
28532
28533
28535
28546
28547
28548
28553
28561
28563
28566
28568
28570
28573
28576
28586
28591
28593
28596
28598
28602
28603
28605
28606
28609
28616
28617
28621
28622
28625
28626
28630
28631
28636
28641
28642
28653
28654
28659
28660
28662
28664
28665
28668
28669
28675
28676
28683
28685
28686
28687
28690
28694
28696
28706
28707
28709
28710
28717
28719
28727
28728
28730
28732
28736
28737
28744
28746
28747
28751
28752
28754
28756
28759
28761
28765
28769
28770
28774
28780
28783
28784
28785
28786
28787
28788
28790
28791
28793
28794
28797
28803
28809
28813
28815
28824
28825
28827
28828
28832
28836
28839
28842
28846
28855
28859
28860
28876
28881
28883
28885
28889
28891
28896
28898
28899
28909
28911
28916
28917
28920
28922
28924
28929
28930
28936
28937
28944
28945
28947
28951
28952
28954
28961
28966
28967
28969
28973
28975
28976
28980
28985
28992
28993
28997
29001
29008
29010
29012
29016
29022
29032
29034
29035
29039
29041
29042
29044
29048
29061
29062
29065
29068
29072
29073
29076
29077
29078
29082
29083
29084
29090
29092
29095
29096
29099
29100
29103
29104
29113
29117
29121
29122
29123
29125
29128
29129
29132
29137
29140
29146
29147
29148
29149
29152
29153
29154
29155
29156
29163
29167
29174
29180
29191
29193
29197
29202
29203
29204
29206
29209
29211
29213
29214
29221
29223
29224
29225
29231
29232
29233
29234
29238
29242
29247
29260
29261
29265
29266
29267
29269
29275
29279
29284
29287
29290
29295
29301
29303
29304
29305
29311
29313
29314
29316
29319
29322
29328
29330
29331
29334
29340
29344
29352
29354
29362
29363
29364
29371
29374
29375
29377
29381
29383
29384
29385
29386
29388
29389
29391
29392
29393
29396
29407
29410
29416
29418
29419
29420
29421
29422
29425
29426
29435
29437
29442
29445
29446
29450
29463
29464
29465
29472
29473
29474
29475
29477
29486
29487
29488
29490
29491
29493
29497
29501
29502
29504
29505
29509
29524
29528
29529
29531
29538
29539
29541
29547
29551
29552
